142
TM24                             0.0000000 0.0024226 0.0048645 0.0048645 0.0098364 0.0073497 0.0098230 0.0073497 0.0073251 0.0073386 0.0073251 0.0073484 0.0048745 0.0048645 0.0048753 0.0098230 0.0098364 0.0200908 0.0103396 0.0162225 0.0318073 0.0317399 0.0310830 0.0310830 0.0227258 0.0157119 0.2859673 0.2859673 0.2792345 0.2792345 0.2939091 0.2927363 0.2752580 0.2860724 0.2787986 0.2916722 0.2908969 0.2335884 0.2469042 0.2828144 0.2583382 0.3083125 0.2575641 0.2308090 0.2669130 0.2645392 0.2638122 0.2566873 0.2566873 0.2638122 0.2703262 0.2622052 0.2569180 0.2516351 0.2575696 0.2575696 0.2453465 0.2512945 0.2711069 0.2711069 0.2372063 0.2705261 0.2569180 0.2620231 0.2707615 0.2666847 0.2329927 0.2606422 0.2913515 0.2639164 0.2653748 0.2175526 0.2367262 0.2797451 0.2797451 0.2767916 0.2768916 0.2750615 0.2919119 0.2375139 0.2523619 0.2421337 0.2768916 0.3006284 0.3006284 0.2955822 0.2955822 0.2949579 0.2949579 0.3207495 0.2986768 0.2470307 0.2408105 0.2371914 0.2425961 0.3126937 0.2443136 0.3173706 0.3151139 0.2167269 0.2167269 0.2282003 0.2454744 0.2542446 0.1951766 0.1982874 0.2052145 0.2084401 0.2084401 0.2585820 0.2585820 0.2634275 0.2977537 0.0228700 0.0351528 0.3918176 0.4150572 0.4150572 0.4323565 0.4323565 0.4389983 0.4389983 0.4245451 0.4245451 0.4435048 0.4151618 0.4461305 0.4558807 0.7362078 0.7362078 0.7288014 0.5326682 0.5326682 0.5394260 0.5394260 0.5329331 0.5329331 0.5329331 0.5385085 0.6550409 1.1919601 0.2874684 
TM21                             0.0024226 0.0000000 0.0023575 0.0023575 0.0071485 0.0047486 0.0071390 0.0047486 0.0047335 0.0047419 0.0047335 0.0047479 0.0023618 0.0048400 0.0023627 0.0071390 0.0071485 0.0195263 0.0103396 0.0130561 0.0286017 0.0285419 0.0279524 0.0279524 0.0227258 0.0157119 0.2662560 0.2662560 0.2599360 0.2599360 0.2736549 0.2726171 0.2716592 0.2663489 0.2657097 0.2713318 0.2762908 0.2335884 0.2370897 0.2630955 0.2583382 0.3083125 0.2474752 0.2308090 0.2537617 0.2515136 0.2508469 0.2441625 0.2441625 0.2508469 0.2569710 0.2494064 0.2444058 0.2394092 0.2450188 0.2450188 0.2337324 0.2390683 0.2576906 0.2576906 0.2258182 0.2571906 0.2444058 0.2491894 0.2574503 0.2533305 0.2220595 0.2479034 0.2753889 0.2509405 0.2523515 0.2175526 0.2266815 0.2606618 0.2606618 0.2578821 0.2579707 0.2551338 0.2919119 0.2279789 0.2523619 0.2252833 0.2579707 0.3064377 0.3064377 0.3015277 0.3015277 0.3009142 0.3009142 0.3261226 0.3045250 0.2470307 0.2348557 0.2312466 0.2365354 0.3182837 0.2443136 0.3229213 0.3151139 0.2081230 0.2081230 0.2190816 0.2454744 0.2542446 0.1905707 0.1935868 0.2003273 0.2034568 0.2034568 0.2585820 0.2585820 0.2634275 0.2977537 0.0196737 0.0351528 0.4076539 0.4113190 0.4113190 0.4280057 0.4280057 0.4344084 0.4344084 0.4204589 0.4204589 0.4387353 0.4127343 0.4412412 0.4503937 0.7012964 0.7012964 0.6945380 0.5310615 0.5310615 0.5376239 0.5376239 0.5313184 0.5313184 0.5313184 0.5385085 0.6550409 1.1919601 0.2542088 
TM15                             0.0048645 0.0023575 0.0000000 0.0000010 0.0047395 0.0023609 0.0047335 0.0023609 0.0023531 0.0023575 0.0023531 0.0023605 0.0000010 0.0024061 0.0000010 0.0047335 0.0047395 0.0220483 0.0077077 0.0103819 0.0315932 0.0315267 0.0308787 0.0308787 0.0256729 0.0124803 0.2709664 0.2709664 0.2646312 0.2646312 0.2783964 0.2773412 0.2764556 0.2710610 0.2705047 0.2761206 0.2814051 0.2400706 0.2422373 0.2678471 0.2617119 0.3141580 0.2526283 0.2358866 0.2588071 0.2565586 0.2558834 0.2491726 0.2491726 0.2558834 0.2620267 0.2544106 0.2494064 0.2444058 0.2500195 0.2500195 0.2386079 0.2440719 0.2627526 0.2627526 0.2307763 0.2622352 0.2494064 0.2542127 0.2624769 0.2584576 0.2269120 0.2529160 0.2809666 0.2559789 0.2573789 0.2232044 0.2320876 0.2652993 0.2652993 0.2625133 0.2626034 0.2600398 0.2975282 0.2331024 0.2579612 0.2298464 0.2626034 0.3113473 0.3113473 0.3064377 0.3064377 0.3058194 0.3058194 0.3311250 0.3094244 0.2538873 0.2399986 0.2364443 0.2417381 0.3232846 0.2501829 0.3280032 0.3215543 0.2130059 0.2130059 0.2241014 0.2454744 0.2542446 0.1952929 0.1983437 0.2051364 0.2082987 0.2082987 0.2646688 0.2646688 0.2707517 0.3115643 0.0171169 0.0298153 0.4010361 0.4142524 0.4142524 0.4308781 0.4308781 0.4372606 0.4372606 0.4233671 0.4233671 0.4415841 0.4159883 0.4440971 0.4533519 0.7036226 0.7036226 0.6968607 0.5238137 0.5238137 0.5303171 0.5303171 0.5240675 0.5240675 0.5240675 0.5300530 0.6550409 1.1690140 0.2659427 
TM11                             0.0048645 0.0023575 0.0000010 0.0000000 0.0047395 0.0023609 0.0047335 0.0023609 0.0023531 0.0023575 0.0023531 0.0023605 0.0000010 0.0024061 0.0000010 0.0047335 0.0047395 0.0220483 0.0077077 0.0103819 0.0315932 0.0315267 0.0308787 0.0308787 0.0256729 0.0124803 0.2709664 0.2709664 0.2646312 0.2646312 0.2783964 0.2773412 0.2764556 0.2710610 0.2705047 0.2761206 0.2814051 0.2400706 0.2422373 0.2678471 0.2617119 0.3141580 0.2526283 0.2358866 0.2588071 0.2565586 0.2558834 0.2491726 0.2491726 0.2558834 0.2620267 0.2544106 0.2494064 0.2444058 0.2500195 0.2500195 0.2386079 0.2440719 0.2627526 0.2627526 0.2307763 0.2622352 0.2494064 0.2542127 0.2624769 0.2584576 0.2269120 0.2529160 0.2809666 0.2559789 0.2573789 0.2232044 0.2320876 0.2652993 0.2652993 0.2625133 0.2626034 0.2600398 0.2975282 0.2331024 0.2579612 0.2298464 0.2626034 0.3113473 0.3113473 0.3064377 0.3064377 0.3058194 0.3058194 0.3311250 0.3094244 0.2538873 0.2399986 0.2364443 0.2417381 0.3232846 0.2501829 0.3280032 0.3215543 0.2130059 0.2130059 0.2241014 0.2454744 0.2542446 0.1952929 0.1983437 0.2051364 0.2082987 0.2082987 0.2646688 0.2646688 0.2707517 0.3115643 0.0171169 0.0298153 0.4010361 0.4142524 0.4142524 0.4308781 0.4308781 0.4372606 0.4372606 0.4233671 0.4233671 0.4415841 0.4159883 0.4440971 0.4533519 0.7036226 0.7036226 0.6968607 0.5238137 0.5238137 0.5303171 0.5303171 0.5240675 0.5240675 0.5240675 0.5300530 0.6550409 1.1690140 0.2659427 
TM20                             0.0098364 0.0071485 0.0047395 0.0047395 0.0000000 0.0071591 0.0095676 0.0071591 0.0071353 0.0071485 0.0071353 0.0071579 0.0047490 0.0072973 0.0047497 0.0095676 0.0095803 0.0272372 0.0129966 0.0157577 0.0316523 0.0315855 0.0309350 0.0309350 0.0257188 0.0189784 0.2820644 0.2820644 0.2756763 0.2756763 0.2895858 0.2884870 0.2877711 0.2821629 0.2817994 0.2874176 0.2934826 0.2552471 0.2542732 0.2790343 0.2675280 0.3280665 0.2537726 0.2369605 0.2706665 0.2684131 0.2677159 0.2609228 0.2609228 0.2540924 0.2739150 0.2661642 0.2611331 0.2561045 0.2617560 0.2617560 0.2500107 0.2557878 0.2746645 0.2746645 0.2423372 0.2740963 0.2611331 0.2660000 0.2743166 0.2705142 0.2382108 0.2646861 0.2941486 0.2678164 0.2691931 0.2363574 0.2447003 0.2762075 0.2762075 0.2734012 0.2734953 0.2715622 0.3108395 0.2341758 0.2592214 0.2307915 0.2734953 0.3094244 0.3094244 0.3045250 0.3045250 0.3039100 0.3039100 0.3291345 0.2971265 0.2607482 0.2382478 0.2346937 0.2399578 0.3213051 0.2481290 0.3259854 0.3279934 0.2139534 0.2139534 0.2251200 0.2357320 0.2444915 0.1939303 0.1969529 0.1936824 0.2068221 0.2068221 0.2790089 0.2790089 0.2880600 0.3115643 0.0222516 0.0350243 0.3863799 0.4272797 0.4272797 0.4439179 0.4439179 0.4503247 0.4503247 0.4364379 0.4364379 0.4394869 0.4136062 0.4572996 0.4672103 0.7022511 0.7022511 0.6954778 0.5245658 0.5245658 0.5310354 0.5310354 0.5248186 0.5248186 0.5248186 0.5308847 0.6669236 1.1878769 0.2819564 
TM02                             0.0073497 0.0047486 0.0023609 0.0023609 0.0071591 0.0000000 0.0071497 0.0047554 0.0047402 0.0047486 0.0047402 0.0047546 0.0023653 0.0048470 0.0023661 0.0071497 0.0071591 0.0246747 0.0103564 0.0130785 0.0284908 0.0284312 0.0339677 0.0339677 0.0226396 0.0157441 0.2646312 0.2646312 0.2583390 0.2583390 0.2719950 0.2709664 0.2699865 0.2647233 0.2640578 0.2696629 0.2744917 0.2315400 0.2491947 0.2614679 0.2539428 0.3223321 0.2457764 0.2292157 0.2520725 0.2498336 0.2491726 0.2425268 0.2425268 0.2491726 0.2552638 0.2477491 0.2427719 0.2377997 0.2433825 0.2433825 0.2321892 0.2374583 0.2559789 0.2559789 0.2242886 0.2554861 0.2427719 0.2475258 0.2557523 0.2516170 0.2205817 0.2462500 0.2734312 0.2492652 0.2506737 0.2158604 0.2250093 0.2590817 0.2590817 0.2563144 0.2564021 0.2534840 0.2898864 0.2263858 0.2504929 0.2238765 0.2564021 0.3046348 0.3046348 0.2997341 0.2997341 0.2991236 0.2991236 0.3242569 0.3027297 0.2447779 0.2332217 0.2296136 0.2348737 0.3164279 0.2423970 0.3210304 0.3127301 0.2067112 0.2067112 0.2175683 0.2338976 0.2426063 0.1893058 0.1922939 0.1989819 0.2020836 0.2020836 0.2565210 0.2565210 0.2609226 0.3115643 0.0197061 0.0352833 0.3931342 0.4067204 0.4067204 0.4233671 0.4233671 0.4297474 0.4297474 0.4158270 0.4158270 0.4340424 0.4076234 0.4365125 0.4454101 0.6947778 0.6947778 0.6881124 0.5158384 0.5158384 0.5223158 0.5223158 0.5160868 0.5160868 0.5160868 0.5208029 0.6412522 1.1490028 0.2659427 
TM06                             0.0098230 0.0071390 0.0047335 0.0047335 0.0095676 0.0071497 0.0000000 0.0071497 0.0071269 0.0071390 0.0071269 0.0071485 0.0047429 0.0072876 0.0047437 0.0000010 0.0095676 0.0271947 0.0105140 0.0157333 0.0377232 0.0376434 0.0368749 0.0368749 0.0317022 0.0189426 0.2709664 0.2709664 0.2646312 0.2646312 0.2783964 0.2773412 0.2764556 0.2710610 0.2705047 0.2761206 0.2814051 0.2400706 0.2422373 0.2678471 0.2617119 0.3141580 0.2526283 0.2358866 0.2588071 0.2565586 0.2558834 0.2491726 0.2491726 0.2558834 0.2620267 0.2544106 0.2494064 0.2444058 0.2500195 0.2500195 0.2386079 0.2440719 0.2627526 0.2627526 0.2412658 0.2622352 0.2494064 0.2542127 0.2624769 0.2584576 0.2269120 0.2529160 0.2809666 0.2559789 0.2573789 0.2113311 0.2207124 0.2652993 0.2652993 0.2625133 0.2626034 0.2600398 0.2975282 0.2331024 0.2579612 0.2298464 0.2626034 0.3092960 0.3092960 0.3043902 0.3043902 0.3037743 0.3037743 0.3290089 0.3073789 0.2538873 0.2399986 0.2364443 0.2417381 0.3211818 0.2477002 0.3258595 0.3188503 0.2130059 0.2130059 0.2241014 0.2542446 0.2630076 0.1952929 0.1883849 0.2051364 0.1981462 0.1981462 0.2646688 0.2646688 0.2707517 0.3254472 0.0222180 0.0195313 0.3983764 0.4142524 0.4142524 0.4189838 0.4189838 0.4253288 0.4253288 0.4114655 0.4114655 0.4295837 0.4028297 0.4320111 0.4406413 0.6982140 0.6982140 0.6915613 0.5238137 0.5238137 0.5303171 0.5303171 0.5240675 0.5240675 0.5240675 0.5300530 0.6588965 1.1954458 0.2542088 
TM16                             0.0073497 0.0047486 0.0023609 0.0023609 0.0071591 0.0047554 0.0071497 0.0000000 0.0047402 0.0047486 0.0047402 0.0047546 0.0023653 0.0048470 0.0023661 0.0071497 0.0071591 0.0246747 0.0103564 0.0130785 0.0347539 0.0346804 0.0339677 0.0339677 0.0287616 0.0157441 0.2681353 0.2681353 0.2618313 0.2618313 0.2755226 0.2744811 0.2735548 0.2682286 0.2676246 0.2732254 0.2782962 0.2363504 0.2392684 0.2650021 0.2617119 0.3105099 0.2496075 0.2329897 0.2520725 0.2498336 0.2491726 0.2425268 0.2425268 0.2491726 0.2552638 0.2477491 0.2427719 0.2377997 0.2433825 0.2433825 0.2321892 0.2374583 0.2559789 0.2559789 0.2242886 0.2554861 0.2427719 0.2475258 0.2557523 0.2516170 0.2205817 0.2462500 0.2734312 0.2492652 0.2506737 0.2158604 0.2250093 0.2716509 0.2716509 0.2688477 0.2689403 0.2667397 0.3053354 0.2399802 0.2656019 0.2359553 0.2689403 0.3046348 0.3046348 0.2997341 0.2997341 0.2991236 0.2991236 0.3242569 0.3027297 0.2538873 0.2332217 0.2296136 0.2348737 0.3164279 0.2423970 0.3210304 0.3215543 0.2067112 0.2067112 0.2175683 0.2454744 0.2542446 0.1893058 0.1922939 0.1989819 0.2020836 0.2020836 0.2610425 0.2610425 0.2663585 0.3115643 0.0197061 0.0298153 0.4090782 0.4067204 0.4067204 0.4233671 0.4233671 0.4297474 0.4297474 0.4158270 0.4158270 0.4340424 0.4076234 0.4365125 0.4454101 0.7127802 0.7127802 0.7059139 0.5319823 0.5319823 0.5385124 0.5385124 0.5322378 0.5322378 0.5322378 0.5395307 0.6550409 1.1490028 0.2503092 
TM04                             0.0073251 0.0047335 0.0023531 0.0023531 0.0071353 0.0047402 0.0071269 0.0047402 0.0000000 0.0047335 0.0047251 0.0047395 0.0023584 0.0048312 0.0023584 0.0071269 0.0071353 0.0245880 0.0103197 0.0130317 0.0346068 0.0345339 0.0338272 0.0338272 0.0286426 0.0156753 0.2737138 0.2737138 0.2673653 0.2673653 0.2811648 0.2800991 0.2792556 0.2738093 0.2733009 0.2789161 0.2843916 0.2438030 0.2452027 0.2706165 0.2650958 0.3175543 0.2556142 0.2387983 0.2617406 0.2594883 0.2588071 0.2520725 0.2520725 0.2588071 0.2649687 0.2573148 0.2523009 0.2472883 0.2529160 0.2529160 0.2414114 0.2469592 0.2656990 0.2656990 0.2336088 0.2651708 0.2523009 0.2571268 0.2654043 0.2614377 0.2296742 0.2558231 0.2842249 0.2589040 0.2602993 0.2288657 0.2375001 0.2601244 0.2601244 0.2573486 0.2574368 0.2545718 0.2912216 0.2274281 0.2517244 0.2247962 0.2574368 0.3058194 0.3058194 0.3009142 0.3009142 0.3003019 0.3003019 0.3279479 0.3039100 0.2607482 0.2451448 0.2416449 0.2469432 0.3176422 0.2436572 0.3222648 0.3142917 0.2178945 0.2178945 0.2291253 0.2357320 0.2444915 0.2000259 0.2031098 0.2099557 0.2131493 0.2131493 0.2682149 0.2682149 0.2750277 0.3196043 0.0196379 0.0350243 0.3976230 0.4197878 0.4197878 0.4364379 0.4364379 0.4428392 0.4428392 0.4289302 0.4289302 0.4471973 0.4221430 0.4497460 0.4592962 0.7059355 0.7059355 0.6991699 0.5265032 0.5265032 0.5329909 0.5329909 0.5267571 0.5267571 0.5267571 0.5331442 0.6588965 1.1878769 0.2659427 
11ins_1g-142c_etc|New|MK105973   0.0073386 0.0047419 0.0023575 0.0023575 0.0071485 0.0047486 0.0071390 0.0047486 0.0047335 0.0000000 0.0047335 0.0047479 0.0023618 0.0048400 0.0023627 0.0071390 0.0071485 0.0246327 0.0103396 0.0130561 0.0346800 0.0346068 0.0338973 0.0338973 0.0287031 0.0157119 0.2682228 0.2682228 0.2619025 0.2619025 0.2756298 0.2745852 0.2736580 0.2683163 0.2677123 0.2733276 0.2784196 0.2363618 0.2392851 0.2650823 0.2583382 0.3107554 0.2496520 0.2329900 0.2620267 0.2597734 0.2590914 0.2523515 0.2523515 0.2590914 0.2652567 0.2575964 0.2525795 0.2475637 0.2531951 0.2531951 0.2416762 0.2472346 0.2659878 0.2659878 0.2338718 0.2654582 0.2525795 0.2574092 0.2656911 0.2617284 0.2299282 0.2561045 0.2845491 0.2591884 0.2605837 0.2267042 0.2354680 0.2626034 0.2626034 0.2598238 0.2599130 0.2571946 0.2942484 0.2301878 0.2547180 0.2272577 0.2599130 0.3064377 0.3064377 0.3015277 0.3015277 0.3009142 0.3009142 0.3261226 0.3045250 0.2470307 0.2348557 0.2312466 0.2365354 0.3182837 0.2443136 0.3229213 0.3151139 0.2081230 0.2081230 0.2190816 0.2454744 0.2542446 0.2004984 0.2035902 0.2104515 0.2136524 0.2136524 0.2611322 0.2611322 0.2664864 0.3035041 0.0196737 0.0351528 0.3952562 0.4087222 0.4087222 0.4253288 0.4253288 0.4316948 0.4316948 0.4178125 0.4178125 0.4359864 0.4098435 0.4384612 0.4474260 0.6958914 0.6958914 0.6892423 0.5310615 0.5310615 0.5376239 0.5376239 0.5313184 0.5313184 0.5313184 0.5385085 0.6550409 1.1505229 0.2734950 
TM14                             0.0073251 0.0047335 0.0023531 0.0023531 0.0071353 0.0047402 0.0071269 0.0047402 0.0047251 0.0047335 0.0000000 0.0047395 0.0023584 0.0048312 0.0023584 0.0071269 0.0071353 0.0245880 0.0103197 0.0130317 0.0285419 0.0284828 0.0278950 0.0278950 0.0226788 0.0156753 0.2756763 0.2756763 0.2693263 0.2693263 0.2831369 0.2820644 0.2812514 0.2757725 0.2752987 0.2809089 0.2865179 0.2465589 0.2473865 0.2725983 0.2675280 0.3200110 0.2577803 0.2409668 0.2638552 0.2616064 0.2609228 0.2541869 0.2541869 0.2609228 0.2670825 0.2594184 0.2544106 0.2494064 0.2550258 0.2550258 0.2434905 0.2490801 0.2678164 0.2678164 0.2357413 0.2672795 0.2544106 0.2592367 0.2675083 0.2635878 0.2317719 0.2579327 0.2865450 0.2610203 0.2624086 0.2288657 0.2375001 0.2601244 0.2601244 0.2573486 0.2574368 0.2545718 0.2912216 0.2274281 0.2517244 0.2247962 0.2574368 0.3162571 0.3162571 0.3113473 0.3113473 0.3107241 0.3107241 0.3361287 0.3143248 0.2607482 0.2451448 0.2416449 0.2469432 0.3282858 0.2560507 0.3330844 0.3279934 0.2157418 0.2157418 0.2269490 0.2505439 0.2593329 0.1978726 0.2009557 0.2078048 0.2109962 0.2109962 0.2707573 0.2707573 0.2780814 0.3115643 0.0196379 0.0350243 0.4068227 0.4197878 0.4197878 0.4364379 0.4364379 0.4428392 0.4428392 0.4289302 0.4289302 0.4471973 0.4221430 0.4497460 0.4592962 0.6945380 0.6945380 0.6879130 0.5209259 0.5209259 0.5274506 0.5274506 0.5211793 0.5211793 0.5211793 0.5267348 0.6413807 1.1878769 0.2659427 
TM03                             0.0073484 0.0047479 0.0023605 0.0023605 0.0071579 0.0047546 0.0071485 0.0047546 0.0047395 0.0047479 0.0047395 0.0000000 0.0023649 0.0048462 0.0023657 0.0071485 0.0071579 0.0246703 0.0050992 0.0130761 0.0347466 0.0346731 0.0339607 0.0339607 0.0256729 0.0124803 0.2645392 0.2645392 0.2582495 0.2582495 0.2718998 0.2708720 0.2698910 0.2646312 0.2639643 0.2695676 0.2743882 0.2400706 0.2353533 0.2613762 0.2617119 0.3141580 0.2456830 0.2358866 0.2519787 0.2497407 0.2490801 0.2424373 0.2424373 0.2490801 0.2551685 0.2476577 0.2426824 0.2377122 0.2432928 0.2432928 0.2321058 0.2373708 0.2558834 0.2558834 0.2242068 0.2553910 0.2426824 0.2474340 0.2556575 0.2515219 0.2205031 0.2461591 0.2733188 0.2491726 0.2505808 0.2232044 0.2249199 0.2715574 0.2715574 0.2687552 0.2688477 0.2666425 0.2975282 0.2398886 0.2579612 0.2358751 0.2688477 0.3180816 0.3180816 0.3131645 0.3131645 0.3125386 0.3125386 0.3380055 0.3161433 0.2538873 0.2468466 0.2433484 0.2486726 0.3301568 0.2501829 0.3349877 0.3215543 0.2193796 0.2193796 0.2307104 0.2454744 0.2542446 0.2013676 0.2044786 0.2113785 0.2145980 0.2145980 0.2646688 0.2646688 0.2707517 0.3115643 0.0197027 0.0298153 0.3929742 0.4217519 0.4217519 0.4383602 0.4383602 0.4447461 0.4447461 0.4308781 0.4308781 0.4491006 0.4243208 0.4516513 0.4612630 0.6944985 0.6944985 0.6878380 0.5317766 0.5317766 0.5383040 0.5383040 0.5320320 0.5320320 0.5320320 0.5392894 0.6550409 1.1690140 0.2500947 
TM19                             0.0048745 0.0023618 0.0000010 0.0000010 0.0047490 0.0023653 0.0047429 0.0023653 0.0023584 0.0023618 0.0023584 0.0023649 0.0000000 0.0024108 0.0000010 0.0047429 0.0047490 0.0220953 0.0077246 0.0104049 0.0316731 0.0316063 0.0309542 0.0309542 0.0256729 0.0125145 0.2720902 0.2720902 0.2657256 0.2657256 0.2795578 0.2784941 0.2776226 0.2721855 0.2716467 0.2772844 0.2826713 0.2414439 0.2433361 0.2678471 0.2617119 0.3141580 0.2467933 0.2358866 0.2599580 0.2576996 0.2570195 0.2502732 0.2502732 0.2570195 0.2631940 0.2555330 0.2505058 0.2454822 0.2511220 0.2511220 0.2396333 0.2451485 0.2639248 0.2639248 0.2317842 0.2634008 0.2505058 0.2553380 0.2636401 0.2596257 0.2278815 0.2540337 0.2823464 0.2571159 0.2585195 0.2243156 0.2331933 0.2600470 0.2600470 0.2572679 0.2573562 0.2544831 0.2911932 0.2273146 0.2516196 0.2246942 0.2573562 0.3058326 0.3058326 0.3009138 0.3009138 0.3002999 0.3002999 0.3255504 0.3039177 0.2538873 0.2341828 0.2305694 0.2358531 0.3176923 0.2501829 0.3223324 0.3215543 0.2075162 0.2075162 0.2184414 0.2454744 0.2542446 0.1961011 0.1991709 0.2060025 0.2091847 0.2091847 0.2646688 0.2646688 0.2707517 0.3115643 0.0171532 0.0298153 0.4029847 0.4084483 0.4084483 0.4251507 0.4251507 0.4315546 0.4315546 0.4175900 0.4175900 0.4358719 0.4095467 0.4383619 0.4473807 0.6979131 0.6979131 0.6911929 0.5180798 0.5180798 0.5245884 0.5245884 0.5183310 0.5183310 0.5183310 0.5234250 0.6550409 1.1690140 0.2687173 
TM25                             0.0048645 0.0048400 0.0024061 0.0024061 0.0072973 0.0048470 0.0072876 0.0048470 0.0048312 0.0048400 0.0048312 0.0048462 0.0024108 0.0000000 0.0024115 0.0072876 0.0072973 0.0199421 0.0077077 0.0133550 0.0346068 0.0345339 0.0338272 0.0338272 0.0256729 0.0124803 0.2855055 0.2855055 0.2789303 0.2789303 0.2932594 0.2921162 0.2914379 0.2856079 0.2785000 0.2910686 0.2902729 0.2400706 0.2473865 0.2824222 0.2617119 0.3141580 0.2577803 0.2358866 0.2668952 0.2645819 0.2638732 0.2569267 0.2569267 0.2638732 0.2702227 0.2623062 0.2571510 0.2519998 0.2577859 0.2577859 0.2458553 0.2516683 0.2709831 0.2709831 0.2379252 0.2704179 0.2571510 0.2621281 0.2706476 0.2666724 0.2337975 0.2607829 0.2906553 0.2639747 0.2653955 0.2232044 0.2375001 0.2794332 0.2794332 0.2765478 0.2766455 0.2748453 0.2975282 0.2382268 0.2579612 0.2426838 0.2766455 0.3036896 0.3036896 0.2987333 0.2987333 0.2981169 0.2981169 0.3235186 0.3017651 0.2538873 0.2451448 0.2416449 0.2469432 0.3156001 0.2501829 0.3202427 0.3215543 0.2178945 0.2178945 0.2291253 0.2454744 0.2542446 0.2000259 0.2031098 0.2099557 0.2131493 0.2131493 0.2646688 0.2646688 0.2707517 0.3115643 0.0200962 0.0298153 0.3862056 0.4188111 0.4188111 0.4358525 0.4358525 0.4423997 0.4423997 0.4281681 0.4281681 0.4468553 0.4192143 0.4494602 0.4592220 0.7358700 0.7358700 0.7285458 0.5193951 0.5193951 0.5259985 0.5259985 0.5196507 0.5196507 0.5196507 0.5300530 0.6550409 1.1690140 0.2861660 
TM27                             0.0048753 0.0023627 0.0000010 0.0000010 0.0047497 0.0023661 0.0047437 0.0023661 0.0023584 0.0023627 0.0023584 0.0023657 0.0000010 0.0024115 0.0000000 0.0047437 0.0047497 0.0220966 0.0077249 0.0104064 0.0316737 0.0316069 0.0309558 0.0309558 0.0257383 0.0125161 0.2717667 0.2717667 0.2654132 0.2654132 0.2792205 0.2781596 0.2772844 0.2718618 0.2713182 0.2769473 0.2823022 0.2410669 0.2430336 0.2686466 0.2626720 0.3152843 0.2534538 0.2366549 0.2596324 0.2573777 0.2566993 0.2499664 0.2499664 0.2566993 0.2628621 0.2552174 0.2501992 0.2451847 0.2508142 0.2508142 0.2393531 0.2448511 0.2635910 0.2635910 0.2315132 0.2630692 0.2501992 0.2550219 0.2633090 0.2592943 0.2276231 0.2537202 0.2819443 0.2567954 0.2581972 0.2240218 0.2328950 0.2660732 0.2660732 0.2632794 0.2633700 0.2608449 0.2985612 0.2338698 0.2588742 0.2305219 0.2633700 0.3122850 0.3122850 0.3073631 0.3073631 0.3067423 0.3067423 0.3321311 0.3103554 0.2549919 0.2407882 0.2372324 0.2425417 0.3242704 0.2511161 0.3290161 0.3228189 0.2136846 0.2136846 0.2248292 0.2468494 0.2556594 0.1959040 0.1989674 0.2057848 0.2089596 0.2089596 0.2656836 0.2656836 0.2719976 0.3142235 0.0171549 0.0299470 0.4023948 0.4155853 0.4155853 0.4322566 0.4322566 0.4386587 0.4386587 0.4247284 0.4247284 0.4430010 0.4174748 0.4455283 0.4548814 0.7062112 0.7062112 0.6994002 0.5255836 0.5255836 0.5321142 0.5321142 0.5258390 0.5258390 0.5258390 0.5321311 0.6588437 1.1764786 0.2659427 
TM26                             0.0098230 0.0071390 0.0047335 0.0047335 0.0095676 0.0071497 0.0000010 0.0071497 0.0071269 0.0071390 0.0071269 0.0071485 0.0047429 0.0072876 0.0047437 0.0000000 0.0095676 0.0271947 0.0105140 0.0157333 0.0377232 0.0376434 0.0368749 0.0368749 0.0317022 0.0189426 0.2709664 0.2709664 0.2646312 0.2646312 0.2783964 0.2773412 0.2764556 0.2710610 0.2705047 0.2761206 0.2814051 0.2400706 0.2422373 0.2678471 0.2617119 0.3141580 0.2526283 0.2358866 0.2588071 0.2565586 0.2558834 0.2491726 0.2491726 0.2558834 0.2620267 0.2544106 0.2494064 0.2444058 0.2500195 0.2500195 0.2386079 0.2440719 0.2627526 0.2627526 0.2412658 0.2622352 0.2494064 0.2542127 0.2624769 0.2584576 0.2269120 0.2529160 0.2809666 0.2559789 0.2573789 0.2113311 0.2207124 0.2652993 0.2652993 0.2625133 0.2626034 0.2600398 0.2975282 0.2331024 0.2579612 0.2298464 0.2626034 0.3092960 0.3092960 0.3043902 0.3043902 0.3037743 0.3037743 0.3290089 0.3073789 0.2538873 0.2399986 0.2364443 0.2417381 0.3211818 0.2477002 0.3258595 0.3188503 0.2130059 0.2130059 0.2241014 0.2542446 0.2630076 0.1952929 0.1883849 0.2051364 0.1981462 0.1981462 0.2646688 0.2646688 0.2707517 0.3254472 0.0222180 0.0195313 0.3983764 0.4142524 0.4142524 0.4189838 0.4189838 0.4253288 0.4253288 0.4114655 0.4114655 0.4295837 0.4028297 0.4320111 0.4406413 0.6982140 0.6982140 0.6915613 0.5238137 0.5238137 0.5303171 0.5303171 0.5240675 0.5240675 0.5240675 0.5300530 0.6588965 1.1954458 0.2542088 
TM28                             0.0098364 0.0071485 0.0047395 0.0047395 0.0095803 0.0071591 0.0095676 0.0071591 0.0071353 0.0071485 0.0071353 0.0071579 0.0047490 0.0072973 0.0047497 0.0095676 0.0000000 0.0272372 0.0129966 0.0157577 0.0377973 0.0377172 0.0369455 0.0369455 0.0317617 0.0189784 0.2820644 0.2820644 0.2756763 0.2756763 0.2895858 0.2884870 0.2877711 0.2821629 0.2817994 0.2874176 0.2934826 0.2552471 0.2542732 0.2790343 0.2753990 0.3280665 0.2647083 0.2477343 0.2706665 0.2684131 0.2677159 0.2609228 0.2609228 0.2677159 0.2739150 0.2661642 0.2611331 0.2561045 0.2617560 0.2617560 0.2500107 0.2557878 0.2746645 0.2746645 0.2423372 0.2740963 0.2611331 0.2660000 0.2743166 0.2705142 0.2382108 0.2646861 0.2941486 0.2678164 0.2691931 0.2213826 0.2302919 0.2762075 0.2762075 0.2734012 0.2734953 0.2715622 0.3108395 0.2450382 0.2711078 0.2404627 0.2734953 0.3094244 0.3094244 0.3045250 0.3045250 0.3039100 0.3039100 0.3291345 0.3075093 0.2514654 0.2382478 0.2346937 0.2399578 0.3213051 0.2481290 0.3259854 0.3190097 0.2013083 0.2013083 0.2119901 0.2473895 0.2562037 0.1961364 0.1992068 0.2060381 0.2092194 0.2092194 0.2790089 0.2790089 0.2880600 0.3306644 0.0120694 0.0405897 0.4146969 0.4272797 0.4272797 0.4439179 0.4439179 0.4503247 0.4503247 0.4364379 0.4364379 0.4547164 0.4304723 0.4572996 0.4672103 0.6854917 0.6854917 0.6789650 0.5380489 0.5380489 0.5446223 0.5446223 0.5383040 0.5383040 0.5383040 0.5466081 0.6273497 1.2090001 0.2659427 
TM10                             0.0200908 0.0195263 0.0220483 0.0220483 0.0272372 0.0246747 0.0271947 0.0246747 0.0245880 0.0246327 0.0245880 0.0246703 0.0220953 0.0199421 0.0220966 0.0271947 0.0272372 0.0000000 0.0295392 0.0324339 0.0439770 0.0438837 0.0429926 0.0429926 0.0380145 0.0357908 0.2774616 0.2774616 0.2711093 0.2711093 0.2849326 0.2838535 0.2830680 0.2775583 0.2771159 0.2827227 0.2814158 0.2410923 0.2424657 0.2744007 0.2700720 0.3207770 0.2527834 0.2378739 0.2795599 0.2773055 0.2765921 0.2697410 0.2697410 0.2765921 0.2828250 0.2811780 0.2761180 0.2710585 0.2767671 0.2767671 0.2646122 0.2645823 0.2835988 0.2835988 0.2571402 0.2829844 0.2761180 0.2810371 0.2832077 0.2795653 0.2526825 0.2797275 0.2962728 0.2766961 0.2780540 0.2397343 0.2534115 0.2591848 0.2591848 0.2689041 0.2565200 0.2601441 0.2918891 0.2334026 0.2525322 0.2362034 0.2565200 0.3261986 0.3261986 0.3212837 0.3212837 0.3311168 0.3311168 0.3462701 0.3242487 0.2632423 0.2624728 0.2591356 0.2504126 0.3384168 0.2765447 0.3542523 0.3354387 0.2315714 0.2315714 0.2431324 0.2610270 0.2697477 0.2034139 0.2065038 0.2133505 0.2165469 0.2165469 0.2526806 0.2526806 0.2609226 0.2791252 0.0409314 0.0518356 0.4325416 0.4277890 0.4277890 0.4446126 0.4446126 0.4510985 0.4510985 0.4370479 0.4370479 0.4555499 0.4394752 0.4581707 0.4762674 0.7276339 0.7276339 0.7205128 0.5568066 0.5568066 0.5635604 0.5635604 0.5570488 0.5570488 0.5570488 0.5513950 0.6939917 1.2274572 0.2745599 
TM05                             0.0103396 0.0103396 0.0077077 0.0077077 0.0129966 0.0103564 0.0105140 0.0103564 0.0103197 0.0103396 0.0103197 0.0050992 0.0077246 0.0077077 0.0077249 0.0105140 0.0129966 0.0295392 0.0000000 0.0201260 0.0437257 0.0436266 0.0426815 0.0426815 0.0288195 0.0157765 0.2814381 0.2814381 0.2744203 0.2744203 0.2897113 0.2885017 0.2744203 0.2815462 0.2738722 0.2873230 0.2861982 0.2514522 0.2434997 0.2840221 0.2723429 0.3259065 0.2588257 0.2446739 0.2640459 0.2616097 0.2608704 0.2535815 0.2535815 0.2608704 0.2675436 0.2538248 0.2538248 0.2484133 0.2544899 0.2544899 0.2420552 0.2480588 0.2683387 0.2683387 0.2336607 0.2677558 0.2538248 0.2590459 0.2680024 0.2637592 0.2364494 0.2576344 0.2888829 0.2609760 0.2624785 0.2302632 0.2304933 0.3031715 0.3031715 0.3000449 0.3001591 0.2997176 0.3084820 0.2601950 0.2681043 0.2631101 0.3001591 0.3103308 0.3103308 0.3051572 0.3051572 0.3045069 0.3045069 0.3311702 0.3083069 0.2662823 0.2691929 0.2656368 0.2714430 0.3229016 0.2399000 0.3278758 0.3086199 0.2401104 0.2401104 0.2530751 0.2611507 0.2701873 0.2091450 0.2125554 0.2201048 0.2236358 0.2236358 0.2758718 0.2758718 0.2844599 0.3401150 0.0269236 0.0310391 0.3708149 0.4571353 0.4571353 0.4721860 0.4721860 0.4791935 0.4791935 0.4641540 0.4641540 0.4770643 0.4500935 0.4870473 0.4994464 0.7347333 0.7347333 0.7271007 0.5105779 0.5105779 0.5174668 0.5174668 0.5108366 0.5108366 0.5108366 0.5245587 0.6259958 1.1262921 0.2559054 
KC456021                         0.0162225 0.0130561 0.0103819 0.0103819 0.0157577 0.0130785 0.0157333 0.0130785 0.0130317 0.0130561 0.0130317 0.0130761 0.0104049 0.0133550 0.0104064 0.0157333 0.0157577 0.0324339 0.0201260 0.0000000 0.0445659 0.0444699 0.0435552 0.0435552 0.0419904 0.0259734 0.2855608 0.2855608 0.2787219 0.2787219 0.2936231 0.2924337 0.2917335 0.2787219 0.2853435 0.2787219 0.3098740 0.2757808 0.2704600 0.2810977 0.2792196 0.3363519 0.2809921 0.2681015 0.2865539 0.2841391 0.2833608 0.2759656 0.2759656 0.2833608 0.2900649 0.2815892 0.2761549 0.2707199 0.2768520 0.2768520 0.2638108 0.2704072 0.2834753 0.2834753 0.2557666 0.2902155 0.2761549 0.2814380 0.2936591 0.2866985 0.2510118 0.2800321 0.2834753 0.2834753 0.2849148 0.2539991 0.2616421 0.2871126 0.2871126 0.2909686 0.2842131 0.2871126 0.3289788 0.2610207 0.2888735 0.2487392 0.2842131 0.3170451 0.3170451 0.3118803 0.3118803 0.3112242 0.3112242 0.3379700 0.3222100 0.2919134 0.2681819 0.2648607 0.2702661 0.3297196 0.2825110 0.3347956 0.3298473 0.2392931 0.2392931 0.2513322 0.2573864 0.2662109 0.2204104 0.2236917 0.2309339 0.2343134 0.2343134 0.2984925 0.2984925 0.3117110 0.3507181 0.0299336 0.0526944 0.4019884 0.4405349 0.4405349 0.4581362 0.4581362 0.4649387 0.4649387 0.4502689 0.4502689 0.4696704 0.4498664 0.4724680 0.4832206 0.7635610 0.7635610 0.7554477 0.5440425 0.5440425 0.5468250 0.5468250 0.5401535 0.5401535 0.5401535 0.5679496 0.6963757 1.2843455 0.3156827 
MN068759                         0.0318073 0.0286017 0.0315932 0.0315932 0.0316523 0.0284908 0.0377232 0.0347539 0.0346068 0.0346800 0.0285419 0.0347466 0.0316731 0.0346068 0.0316737 0.0377232 0.0377973 0.0439770 0.0437257 0.0445659 0.0000000 0.0052936 0.0347466 0.0347466 0.0029387 0.0455409 0.2568171 0.2568171 0.2500500 0.2500500 0.2647240 0.2636405 0.2624594 0.2500500 0.2381926 0.2500500 0.2734283 0.2102725 0.2322038 0.2521913 0.2158242 0.2847582 0.2381789 0.2196453 0.2587350 0.2448068 0.2555774 0.2483374 0.2483374 0.2555774 0.2555774 0.2539903 0.2485913 0.2431975 0.2492527 0.2492527 0.2369862 0.2428354 0.2556805 0.2556805 0.2285131 0.2558168 0.2485913 0.2472249 0.2543676 0.2583548 0.2244052 0.2523765 0.2556805 0.2556805 0.2506203 0.2038921 0.2181847 0.2424131 0.2424131 0.2463135 0.2394449 0.2424131 0.2650290 0.2090389 0.2258398 0.2090389 0.2394449 0.2492624 0.2492624 0.2550418 0.2550418 0.2544472 0.2544472 0.2687856 0.2434989 0.2433744 0.2372819 0.2208766 0.2260488 0.2492624 0.2535477 0.2640131 0.2647058 0.2005428 0.2005428 0.1980892 0.2357455 0.2442955 0.2031027 0.2062350 0.1913507 0.2044757 0.2044757 0.2428650 0.2428650 0.2208716 0.2663139 0.0442549 0.0851146 0.3564498 0.4294833 0.4294833 0.4486824 0.4486824 0.4560888 0.4560888 0.4400620 0.4400620 0.4611996 0.4472655 0.4486824 0.4604197 0.7518178 0.7518178 0.7433646 0.4774010 0.4774010 0.4805999 0.4805999 0.4738793 0.4738793 0.4738793 0.4948838 0.6435509 1.2186937 0.2457977 
MN068731                         0.0317399 0.0285419 0.0315267 0.0315267 0.0315855 0.0284312 0.0376434 0.0346804 0.0345339 0.0346068 0.0284828 0.0346731 0.0316063 0.0345339 0.0316069 0.0376434 0.0377172 0.0438837 0.0436266 0.0444699 0.0052936 0.0000000 0.0346730 0.0346730 0.0029322 0.0454257 0.2648474 0.2648474 0.2580372 0.2580372 0.2728260 0.2717088 0.2706585 0.2580372 0.2462953 0.2580372 0.2816678 0.2197402 0.2400267 0.2602513 0.2252802 0.2945907 0.2376117 0.2190592 0.2581063 0.2556805 0.2549540 0.2477273 0.2477273 0.2549540 0.2549540 0.2533733 0.2479821 0.2425962 0.2486425 0.2486425 0.2364092 0.2422338 0.2550567 0.2550567 0.2279377 0.2551945 0.2479821 0.2466178 0.2652215 0.2577156 0.2238488 0.2517606 0.2550567 0.2550567 0.2386448 0.2033587 0.2176496 0.2527617 0.2527617 0.2566877 0.2497732 0.2527617 0.2762343 0.2085218 0.2252455 0.2085218 0.2497732 0.2486760 0.2486760 0.2544472 0.2544472 0.2538550 0.2538550 0.2681585 0.2429210 0.2426147 0.2367190 0.2203402 0.2255041 0.2486760 0.2528797 0.2633958 0.2639244 0.2103509 0.2103509 0.2077137 0.2528319 0.2613578 0.2126912 0.2158824 0.2008779 0.2141213 0.2141213 0.2520046 0.2520046 0.2315461 0.2793262 0.0441602 0.0847833 0.3696453 0.4422662 0.4422662 0.4615797 0.4615797 0.4690558 0.4690558 0.4529551 0.4529551 0.4742822 0.4602175 0.4615797 0.4732787 0.7708724 0.7708724 0.7621016 0.4619431 0.4619431 0.4651830 0.4651830 0.4585637 0.4585637 0.4585637 0.4783962 0.6722234 1.2637323 0.2327272 
MN068752                         0.0310830 0.0279524 0.0308787 0.0308787 0.0309350 0.0339677 0.0368749 0.0339677 0.0338272 0.0338973 0.0278950 0.0339607 0.0309542 0.0338272 0.0309558 0.0368749 0.0369455 0.0429926 0.0426815 0.0435552 0.0347466 0.0346730 0.0000000 0.0000010 0.0356407 0.0404280 0.2953086 0.2953086 0.2879633 0.2879633 0.3040110 0.3026941 0.3021264 0.2879633 0.2943995 0.2879633 0.3139275 0.2615030 0.2828595 0.2905876 0.2814960 0.3525626 0.2568312 0.2394574 0.2737763 0.2783249 0.2775062 0.2696576 0.2696576 0.2775062 0.2703877 0.2756587 0.2698765 0.2763505 0.2777039 0.2777039 0.2637992 0.2637466 0.2776258 0.2776258 0.2674615 0.2777039 0.2698765 0.2754903 0.2884744 0.2809391 0.2621282 0.2810926 0.2776258 0.2776258 0.2720748 0.2407558 0.2545869 0.2756455 0.2756455 0.2797293 0.2725562 0.2756455 0.3016500 0.2407953 0.2612025 0.2407953 0.2725562 0.2617741 0.2617741 0.2674589 0.2674589 0.2561033 0.2561033 0.2812279 0.2561033 0.2480296 0.2527770 0.2364438 0.2415911 0.2617741 0.2554324 0.2655018 0.2688261 0.2190544 0.2190544 0.2305936 0.2905688 0.2996759 0.2078825 0.2110221 0.1961756 0.2092747 0.2092747 0.2862566 0.2862566 0.2914690 0.3190788 0.0432575 0.0635666 0.4023176 0.4264786 0.4264786 0.4318681 0.4318681 0.4391369 0.4391369 0.4233264 0.4233264 0.4440769 0.4303987 0.4318681 0.4435729 0.7494021 0.7494021 0.7411427 0.4482920 0.4482920 0.4515532 0.4515532 0.4450464 0.4450464 0.4450464 0.4637951 0.6834144 1.3512916 0.2667200 
MN068769                         0.0310830 0.0279524 0.0308787 0.0308787 0.0309350 0.0339677 0.0368749 0.0339677 0.0338272 0.0338973 0.0278950 0.0339607 0.0309542 0.0338272 0.0309558 0.0368749 0.0369455 0.0429926 0.0426815 0.0435552 0.0347466 0.0346730 0.0000010 0.0000000 0.0356407 0.0404280 0.2953086 0.2953086 0.2879633 0.2879633 0.3040110 0.3026941 0.3021264 0.2879633 0.2943995 0.2879633 0.3139275 0.2615030 0.2828595 0.2905876 0.2814960 0.3525626 0.2568312 0.2394574 0.2737763 0.2783249 0.2775062 0.2696576 0.2696576 0.2775062 0.2703877 0.2756587 0.2698765 0.2763505 0.2777039 0.2777039 0.2637992 0.2637466 0.2776258 0.2776258 0.2674615 0.2777039 0.2698765 0.2754903 0.2884744 0.2809391 0.2621282 0.2810926 0.2776258 0.2776258 0.2720748 0.2407558 0.2545869 0.2756455 0.2756455 0.2797293 0.2725562 0.2756455 0.3016500 0.2407953 0.2612025 0.2407953 0.2725562 0.2617741 0.2617741 0.2674589 0.2674589 0.2561033 0.2561033 0.2812279 0.2561033 0.2480296 0.2527770 0.2364438 0.2415911 0.2617741 0.2554324 0.2655018 0.2688261 0.2190544 0.2190544 0.2305936 0.2905688 0.2996759 0.2078825 0.2110221 0.1961756 0.2092747 0.2092747 0.2862566 0.2862566 0.2914690 0.3190788 0.0432575 0.0635666 0.4023176 0.4264786 0.4264786 0.4318681 0.4318681 0.4391369 0.4391369 0.4233264 0.4233264 0.4440769 0.4303987 0.4318681 0.4435729 0.7494021 0.7494021 0.7411427 0.4482920 0.4482920 0.4515532 0.4515532 0.4450464 0.4450464 0.4450464 0.4637951 0.6834144 1.3512916 0.2667200 
HE995481                         0.0227258 0.0227258 0.0256729 0.0256729 0.0257188 0.0226396 0.0317022 0.0287616 0.0286426 0.0287031 0.0226788 0.0256729 0.0256729 0.0256729 0.0257383 0.0317022 0.0317617 0.0380145 0.0288195 0.0419904 0.0029387 0.0029322 0.0356407 0.0356407 0.0000000 0.0461915 0.2509450 0.2509450 0.2442821 0.2442821 0.2587204 0.2576719 0.2442821 0.2510384 0.2324807 0.2560834 0.2528400 0.2288918 0.2202638 0.2520549 0.2372111 0.3001521 0.2252188 0.2216895 0.2339035 0.2315741 0.2309159 0.2240761 0.2240761 0.2309159 0.2309159 0.2243634 0.2243634 0.2191817 0.2250206 0.2250206 0.2198489 0.2188034 0.2379334 0.2379334 0.2052381 0.2311943 0.2243634 0.2230556 0.2378573 0.2331493 0.2083358 0.2279603 0.2543647 0.2310054 0.2263277 0.2026450 0.2026450 0.2528747 0.2528747 0.2497755 0.2498716 0.2461289 0.2660189 0.1997539 0.2142682 0.2079229 0.2498716 0.2762302 0.2762302 0.2762302 0.2762302 0.2816225 0.2816225 0.2972465 0.2628634 0.2358201 0.2246569 0.2206165 0.2263515 0.2886140 0.2486170 0.3051547 0.3180518 0.2125431 0.2125431 0.2095507 0.2442955 0.2528319 0.1978009 0.2064089 0.2057619 0.2175105 0.2175105 0.2486543 0.2486543 0.2276691 0.2793262 0.0479727 0.0786188 0.3545340 0.4221911 0.4221911 0.4411836 0.4411836 0.4485041 0.4485041 0.4326273 0.4326273 0.4461396 0.4150841 0.4564754 0.4678757 0.7074322 0.7074322 0.6996314 0.4669580 0.4669580 0.4741029 0.4741029 0.4670978 0.4741029 0.4741029 0.4778206 0.6651907 1.1990838 0.1966358 
KF446516                         0.0157119 0.0157119 0.0124803 0.0124803 0.0189784 0.0157441 0.0189426 0.0157441 0.0156753 0.0157119 0.0156753 0.0124803 0.0125145 0.0124803 0.0125161 0.0189426 0.0189784 0.0357908 0.0157765 0.0259734 0.0455409 0.0454257 0.0404280 0.0404280 0.0461915 0.0000000 0.2764991 0.2764991 0.2764991 0.2764991 0.2861973 0.2847906 0.2764991 0.2764991 0.2758989 0.2764991 0.2912500 0.2372559 0.2427331 0.2779862 0.3017740 0.3589340 0.2614396 0.2859769 0.2966654 0.2937095 0.2927321 0.2835939 0.2835939 0.2927321 0.3009881 0.2838011 0.2838011 0.2771215 0.2846797 0.2846797 0.2685120 0.2767548 0.2928777 0.2928777 0.2587616 0.3011338 0.2838011 0.2903018 0.2947555 0.2971010 0.2616998 0.2885973 0.2928777 0.2928777 0.2946140 0.2394909 0.2394909 0.3059503 0.3059503 0.3107318 0.3024084 0.2954765 0.3101064 0.2503562 0.2667964 0.2648614 0.3024084 0.3141511 0.3141511 0.3141511 0.3141511 0.3072763 0.3072763 0.3326605 0.3202547 0.3006631 0.2886556 0.2888067 0.2952273 0.3244700 0.2799218 0.3304072 0.3348062 0.2464994 0.2464994 0.2612443 0.2886091 0.2886091 0.2105271 0.2077219 0.2257421 0.2296548 0.2296548 0.2876911 0.2876911 0.2809529 0.3463704 0.0331731 0.0450212 0.3547884 0.4484446 0.4484446 0.4694935 0.4694935 0.4776593 0.4776593 0.4601248 0.4601248 0.4751663 0.4244953 0.4816290 0.4944054 0.7994055 0.7994055 0.7893615 0.5635853 0.5635853 0.5668336 0.5668336 0.5587229 0.5587229 0.5587229 0.5863813 0.7857592 1.4707514 0.2603036 
TS24                             0.2859673 0.2662560 0.2709664 0.2709664 0.2820644 0.2646312 0.2709664 0.2681353 0.2737138 0.2682228 0.2756763 0.2645392 0.2720902 0.2855055 0.2717667 0.2709664 0.2820644 0.2774616 0.2814381 0.2855608 0.2568171 0.2648474 0.2953086 0.2953086 0.2509450 0.2764991 0.0000000 0.0000010 0.0023345 0.0023345 0.0023384 0.0023341 0.0047648 0.0047012 0.0219924 0.0047655 0.0129925 0.0237216 0.0340409 0.0000010 0.0249007 0.0546626 0.0804503 0.0798747 0.1392084 0.1377619 0.1374324 0.1329641 0.1329641 0.1374324 0.1411059 0.1296975 0.1337138 0.1377619 0.1382162 0.1382162 0.1392888 0.1369471 0.1420120 0.1420120 0.1415406 0.1439363 0.1337138 0.1528586 0.1410348 0.1380915 0.1438010 0.1420120 0.1411722 0.1374698 0.1365358 0.1641458 0.1785160 0.1976511 0.1976511 0.1933454 0.1953450 0.1989715 0.1988144 0.2093263 0.1955806 0.2034518 0.1953450 0.4391536 0.4391536 0.4335021 0.4335021 0.4448233 0.4448233 0.4437237 0.4370277 0.3499888 0.3750953 0.4034568 0.3931538 0.4670900 0.3721414 0.4872242 0.4466102 0.2627952 0.2627952 0.2506007 0.2069639 0.2151363 0.2547255 0.2412196 0.2825953 0.2751889 0.2751889 0.0000010 0.0000010 0.0188891 0.0000024 0.2964464 0.3735371 0.5407029 0.5808322 0.5808322 0.5864676 0.5864676 0.5944081 0.5944081 0.5781578 0.5781578 0.6027594 0.5698553 0.6036954 0.6064125 0.7506954 0.7506954 0.7614814 0.4770225 0.4770225 0.5012072 0.5012072 0.4949616 0.4949616 0.4949616 0.4866969 0.7683974 1.4444355 0.1832747 
